0.0
0.0005018711090087891
0.0005025863647460938
0.0010023117065429688
0.0010030269622802734
0.0015044212341308594
0.0015039443969726562
0.0015037059783935547
0.002507925033569336
0.002505064010620117
0.0025076866149902344
0.0030078887939453125
0.0005009174346923828
0.0005016326904296875
0.0015037059783935547
0.0020058155059814453
0.003509521484375
0.0065174102783203125
0.0010013580322265625
0.0010020732879638672
0.0010025501251220703
0.002507448196411133
0.0020058155059814453
0.0025064945220947266