[[-1  1  2 -1 -1]
 [ 0 -1  2  3  4]
 [ 0  1 -1  3  4]
 [-1  1  2 -1 -1]
 [-1  1  2 -1 -1]]
next
[[-1  1  2  3  4 -1]
 [ 0 -1  2 -1 -1 -1]
 [ 0  1 -1  3  4 -1]
 [ 0 -1  2 -1  4  5]
 [ 0 -1  2  3 -1  5]
 [-1 -1 -1  3  4 -1]]
next
[[-1  1  2  3 -1 -1  6]
 [ 0 -1 -1  3  4 -1  6]
 [ 0 -1 -1 -1  4  5  6]
 [ 0  1 -1 -1  4  5 -1]
 [-1  1  2  3 -1 -1  6]
 [-1 -1  2  3 -1 -1 -1]
 [ 0  1  2 -1  4 -1 -1]]
next
[[-1  1  2  3 -1 -1  6 -1]
 [ 0 -1  2  3  4 -1 -1 -1]
 [ 0  1 -1  3  4 -1 -1 -1]
 [ 0  1  2 -1  4  5  6 -1]
 [-1  1  2  3 -1  5  6  7]
 [-1 -1 -1  3  4 -1  6  7]
 [ 0 -1 -1  3  4  5 -1 -1]
 [-1 -1 -1 -1  4  5 -1 -1]]
next
[[-1  1  2  3 -1 -1 -1  7 -1]
 [ 0 -1 -1 -1 -1 -1 -1 -1  8]
 [ 0 -1 -1  3  4  5  6 -1  8]
 [ 0 -1  2 -1  4  5 -1 -1 -1]
 [-1 -1  2  3 -1  5  6  7  8]
 [-1 -1  2  3  4 -1  6  7  8]
 [-1 -1  2 -1  4  5 -1 -1  8]
 [ 0 -1 -1 -1  4  5 -1 -1  8]
 [-1  1  2 -1  4  5  6  7 -1]]
next
[[-1  1  2  3  4 -1 -1 -1 -1 -1]
 [ 0 -1  2  3  4  5 -1  7 -1 -1]
 [ 0  1 -1  3  4  5 -1 -1  8 -1]
 [ 0  1  2 -1  4 -1  6 -1  8 -1]
 [ 0  1  2  3 -1  5 -1  7 -1 -1]
 [-1  1  2 -1  4 -1 -1  7  8  9]
 [-1 -1 -1  3 -1 -1 -1  7  8  9]
 [-1  1 -1 -1  4  5  6 -1  8  9]
 [-1 -1  2  3 -1  5  6  7 -1  9]
 [-1 -1 -1 -1 -1  5  6  7  8 -1]]
next
[[-1  1  2  3  4 -1 -1 -1 -1 -1 -1]
 [ 0 -1  2  3  4  5 -1  7 -1 -1 -1]
 [ 0  1 -1  3  4 -1 -1 -1 -1 -1 -1]
 [ 0  1  2 -1  4  5 -1  7  8 -1 10]
 [ 0  1  2  3 -1 -1  6  7  8 -1 10]
 [-1  1 -1  3 -1 -1 -1  7  8 -1 -1]
 [-1 -1 -1 -1  4 -1 -1 -1  8  9 10]
 [-1  1 -1  3  4  5 -1 -1 -1  9 10]
 [-1 -1 -1  3  4  5  6 -1 -1  9 10]
 [-1 -1 -1 -1 -1 -1  6  7  8 -1 10]
 [-1 -1 -1  3  4 -1  6  7  8  9 -1]]
next
[[-1  1  2  3  4 -1 -1 -1 -1 -1 -1 -1]
 [ 0 -1  2  3  4  5  6 -1 -1 -1 10 11]
 [ 0  1 -1  3  4  5  6 -1 -1 -1 -1 -1]
 [ 0  1  2 -1  4  5 -1 -1  8 -1 -1 -1]
 [ 0  1  2  3 -1 -1  6  7  8  9 -1 -1]
 [-1  1  2  3 -1 -1  6 -1  8  9 -1 -1]
 [-1  1  2 -1  4  5 -1  7  8  9 10 -1]
 [-1 -1 -1 -1  4 -1  6 -1  8 -1 10 -1]
 [-1 -1 -1  3  4  5  6  7 -1  9 10 11]
 [-1 -1 -1 -1  4  5  6 -1  8 -1 10 11]
 [-1  1 -1 -1 -1 -1  6  7  8  9 -1 11]
 [-1  1 -1 -1 -1 -1 -1 -1  8  9 10 -1]]
next
[[-1  1  2  3  4  5 -1 -1  8 -1 -1 -1 -1]
 [ 0 -1 -1  3  4  5 -1 -1  8 -1 -1 -1 12]
 [ 0 -1 -1  3  4  5  6 -1 -1 -1 -1 -1 12]
 [ 0  1  2 -1  4  5 -1  7 -1  9 -1 -1 12]
 [ 0  1  2  3 -1  5  6  7  8 -1 -1 -1 -1]
 [ 0  1  2  3  4 -1  6  7  8  9 -1 -1 12]
 [-1 -1  2 -1  4  5 -1 -1 -1 -1 10 -1 -1]
 [-1 -1 -1  3  4  5 -1 -1  8  9 10 11 12]
 [ 0  1 -1 -1  4  5 -1  7 -1 -1 10 11 12]
 [-1 -1 -1  3 -1  5 -1  7 -1 -1 10 11 12]
 [-1 -1 -1 -1 -1 -1  6  7  8  9 -1 11 12]
 [-1 -1 -1 -1 -1 -1 -1  7  8  9 10 -1 -1]
 [-1  1  2  3 -1  5 -1  7  8  9 10 -1 -1]]
next
[[-1  1  2  3 -1  5 -1 -1 -1 -1 -1 -1 -1 -1]
 [ 0 -1 -1  3  4  5  6  7 -1 -1 -1 -1 -1 -1]
 [ 0 -1 -1  3 -1  5  6  7  8 -1 10 -1 12 -1]
 [ 0  1  2 -1  4  5  6  7  8 -1 -1 -1 -1 -1]
 [-1  1 -1  3 -1  5  6  7  8 -1 -1 -1 -1 -1]
 [ 0  1  2  3  4 -1  6  7  8  9 -1 11 -1 -1]
 [-1  1  2  3  4  5 -1  7  8  9 -1 -1 -1 -1]
 [-1  1  2  3  4  5  6 -1  8  9 10 11 -1 -1]
 [-1 -1  2  3  4  5  6  7 -1  9 -1 -1 12 -1]
 [-1 -1 -1 -1 -1  5  6  7  8 -1 10 11 12 13]
 [-1 -1  2 -1 -1 -1 -1  7 -1  9 -1 11 12 13]
 [-1 -1 -1 -1 -1  5 -1  7 -1  9 10 -1 12 13]
 [-1 -1  2 -1 -1 -1 -1 -1  8  9 10 11 -1 13]
 [-1 -1 -1 -1 -1 -1 -1 -1 -1  9 10 11 12 -1]]
next
[[-1  1  2  3  4  5 -1 -1 -1  9 -1 -1 -1 -1 -1]
 [ 0 -1  2  3  4  5  6 -1 -1 -1 -1 -1 -1 -1 -1]
 [ 0  1 -1 -1 -1  5  6  7 -1 -1 10 -1 -1 -1 -1]
 [ 0  1 -1 -1 -1  5  6  7  8  9 -1 -1 12 -1 -1]
 [ 0  1 -1 -1 -1  5  6  7 -1 -1 -1 -1 -1 13 -1]
 [ 0  1  2  3  4 -1  6  7  8  9 10 -1 -1 -1 -1]
 [-1  1  2  3  4  5 -1  7  8  9 10 11 -1 -1 -1]
 [-1 -1  2  3  4  5  6 -1  8  9 10 11 -1 13 -1]
 [-1 -1 -1  3 -1  5  6  7 -1  9 10 11 12 -1 -1]
 [ 0 -1 -1  3 -1  5  6  7  8 -1 10 11 12 13 -1]
 [-1 -1  2 -1 -1  5  6  7  8  9 -1 11 12 13 14]
 [-1 -1 -1 -1 -1 -1  6  7  8  9 10 -1 12 13 14]
 [-1 -1 -1  3 -1 -1 -1 -1  8  9 10 11 -1 -1 14]
 [-1 -1 -1 -1  4 -1 -1  7 -1  9 10 11 -1 -1 14]
 [-1 -1 -1 -1 -1 -1 -1 -1 -1 -1 10 11 12 13 -1]]
next
[[-1  1  2  3  4  5 -1 -1 -1 -1 10 -1 -1 -1 -1 -1]
 [ 0 -1 -1 -1  4  5  6  7 -1 -1 -1 -1 -1 -1 14 -1]
 [ 0 -1 -1  3  4  5  6  7  8 -1 -1 11 -1 -1 -1 -1]
 [ 0 -1  2 -1 -1  5  6  7  8 -1 -1 -1 -1 -1 -1 -1]
 [ 0  1  2 -1 -1  5  6 -1  8  9 -1 11 12 -1 14 -1]
 [ 0  1  2  3  4 -1  6  7  8  9 10 -1 12 -1 14 -1]
 [-1  1  2  3  4  5 -1 -1  8  9 10 11 -1 13 14 15]
 [-1  1  2  3 -1  5 -1 -1  8 -1 10 11 12 -1 -1 -1]
 [-1 -1  2  3  4  5  6  7 -1 -1 -1 11 12 -1 -1 -1]
 [-1 -1 -1 -1  4  5  6 -1 -1 -1 10 11 12 -1 14 15]
 [ 0 -1 -1 -1 -1  5  6  7 -1  9 -1 -1 12 -1 14 15]
 [-1 -1  2 -1  4 -1  6  7  8  9 -1 -1 12 13 14 15]
 [-1 -1 -1 -1  4  5 -1  7  8  9 10 11 -1 -1 14 -1]
 [-1 -1 -1 -1 -1 -1  6 -1 -1 -1 -1 11 -1 -1 14 15]
 [-1  1 -1 -1  4  5  6 -1 -1  9 10 11 12 13 -1 15]
 [-1 -1 -1 -1 -1 -1  6 -1 -1  9 10 11 -1 13 14 -1]]
next
[[-1  1  2  3  4  5  6 -1 -1 -1 -1 -1 -1 -1 -1 -1 -1]
 [ 0 -1  2  3  4  5  6  7 -1 -1 -1 -1 -1 -1 14 -1 -1]
 [ 0  1 -1  3  4  5  6  7  8 -1 -1 -1 -1 -1 -1 -1 -1]
 [ 0  1  2 -1  4  5  6  7 -1 -1 -1 -1 -1 -1 -1 -1 16]
 [ 0  1  2  3 -1  5  6 -1 -1  9 -1 -1 12 -1 -1 -1 -1]
 [ 0  1  2  3  4 -1  6 -1  8  9 10 -1 -1 -1 -1 -1 16]
 [ 0  1  2  3  4  5 -1  7  8  9 10 11 -1 13 -1 -1 -1]
 [-1  1  2  3 -1 -1  6 -1  8  9 10 11 12 -1 -1 -1 16]
 [-1 -1  2 -1 -1  5  6  7 -1  9 10 11 12 -1 -1 -1 -1]
 [-1 -1 -1 -1  4  5  6  7  8 -1 10 11 12 13 14 -1 -1]
 [-1 -1 -1 -1 -1  5  6  7  8  9 -1 11 12 13 14 15 -1]
 [-1 -1 -1 -1 -1 -1  6  7  8  9 10 -1 12 13 14 15 16]
 [-1 -1 -1 -1  4 -1 -1  7  8  9 10 11 -1 13 14 15 16]
 [-1 -1 -1 -1 -1 -1  6 -1 -1  9 10 11 12 -1 14 15 16]
 [-1  1 -1 -1 -1 -1 -1 -1 -1  9 10 11 12 13 -1 15 16]
 [-1 -1 -1 -1 -1 -1 -1 -1 -1 -1 10 11 12 13 14 -1 16]
 [-1 -1 -1  3 -1  5 -1  7 -1 -1 -1 11 12 13 14 15 -1]]
next
[[-1  1  2  3  4  5  6 -1 -1 -1 -1 -1 -1 -1 -1 -1 -1 -1]
 [ 0 -1  2  3  4  5  6 -1 -1 -1 10 -1 -1 -1 -1 -1 16 -1]
 [ 0  1 -1  3  4  5  6  7  8 -1 -1 -1 -1 -1 -1 -1 -1 -1]
 [ 0  1  2 -1  4  5  6  7  8  9 -1 -1 -1 -1 -1 -1 -1 17]
 [ 0  1  2  3 -1  5  6  7  8  9 10 -1 -1 13 -1 15 -1 -1]
 [ 0  1  2  3  4 -1  6  7  8  9 10 11 -1 -1 -1 15 -1 -1]
 [ 0  1  2  3  4  5 -1  7  8  9 10 11 12 -1 -1 -1 -1 -1]
 [-1 -1  2  3  4  5  6 -1  8 -1 -1 -1 12 13 -1 -1 -1 -1]
 [-1 -1  2  3  4  5  6  7 -1  9 10 11 -1 13 14 -1 -1 17]
 [-1 -1 -1  3  4  5  6 -1  8 -1 10 11 12 13 14 -1 -1 -1]
 [-1  1 -1 -1  4  5  6 -1  8  9 -1 -1 12 13 14 15 -1 -1]
 [-1 -1 -1 -1 -1  5  6 -1  8  9 -1 -1 12 13 14 15 16 17]
 [-1 -1 -1 -1 -1 -1  6  7 -1  9 10 11 -1 13 14 15 -1 -1]
 [-1 -1 -1 -1  4 -1 -1  7  8  9 10 11 12 -1 14 15 16 -1]
 [-1 -1 -1 -1 -1 -1 -1 -1  8  9 10 11 12 13 -1 15 -1 17]
 [-1 -1 -1 -1  4  5 -1 -1 -1 -1 10 11 12 13 14 -1 -1 17]
 [-1  1 -1 -1 -1 -1 -1 -1 -1 -1 -1 11 -1 13 -1 -1 -1 17]
 [-1 -1 -1  3 -1 -1 -1 -1  8 -1 -1 11 -1 -1 14 15 16 -1]]
next
[[-1  1  2  3  4  5  6 -1 -1 -1 -1 -1 -1 -1 -1 -1 -1 -1 -1]
 [ 0 -1  2  3  4 -1  6  7 -1 -1 -1 -1 -1 13 -1 -1 -1 17 -1]
 [ 0  1 -1  3  4  5  6  7  8 -1 -1 -1 -1 -1 -1 -1 -1 -1 -1]
 [ 0  1  2 -1  4  5  6  7 -1  9 -1 -1 -1 -1 -1 -1 -1 -1 -1]
 [ 0  1  2  3 -1  5 -1  7  8  9 10 -1 -1 -1 -1 -1 -1 17 -1]
 [ 0 -1  2  3  4 -1 -1  7  8  9 10 11 -1 -1 -1 -1 -1 17 -1]
 [ 0  1  2  3 -1 -1 -1  7  8  9 10 11 12 -1 -1 -1 -1 -1 -1]
 [-1  1  2  3  4  5  6 -1  8  9 10 11 12 13 -1 -1 -1 -1 -1]
 [-1 -1  2 -1  4  5  6  7 -1  9 10 -1 12 13 14 -1 -1 -1 -1]
 [-1 -1 -1  3  4  5  6  7  8 -1 10 11 12 13 14 -1 -1 17 -1]
 [-1 -1 -1 -1  4  5  6  7  8  9 -1 11 12 13 14 15 16 17 18]
 [-1 -1 -1 -1 -1  5  6  7 -1  9 10 -1 12 13 14 15 16 -1 -1]
 [-1 -1 -1 -1 -1 -1  6  7  8  9 10 11 -1 13 14 15 16 17 18]
 [-1  1 -1 -1 -1 -1 -1  7  8  9 10 11 12 -1 14 15 16 17 18]
 [-1 -1 -1 -1 -1 -1 -1 -1  8  9 10 11 12 13 -1 15 16 17 18]
 [-1 -1 -1 -1 -1 -1 -1 -1 -1 -1 10 11 12 13 14 -1 16 17 18]
 [-1 -1 -1 -1 -1 -1 -1 -1 -1 -1 10 11 12 13 14 15 -1 17 18]
 [-1  1 -1 -1  4  5 -1 -1 -1  9 10 -1 12 13 14 15 16 -1 -1]
 [-1 -1 -1 -1 -1 -1 -1 -1 -1 -1 10 -1 12 13 14 15 16 -1 -1]]
next
