4.41469193271698E-147
5.74829678739189E-108
1.41862615752666E-83
6.09983281203276E-66
5.92235026917599E-65
4.16415253301436E-63
2.7193361034826E-52
1.39230008498309E-51
1.28916674535471E-52
7.13662566997973E-48
3.20785939580104E-46
1.46158093721185E-44
5.1143640154917E-41
4.31037757355021E-41
1.00552488035779E-34
3.1422652511181E-36
7.95385891689269E-36
7.54143660268344E-35
6.25516917572975E-30
3.2426797006983E-26
2.18880879797136E-25
5.83682346125695E-25
2.83669620217088E-22
4.202512892105E-23
4.66945876900556E-24
1.55648625633519E-25
3.73556701520445E-23
1.3448041254736E-21
3.96598874251671E-16
2.32382152881838E-18
1.48724577844376E-16
7.43622889221882E-17
1.03280956836373E-18
1.37707942448497E-18
1.54921435254559E-18
1.07081696047951E-14
2.32382152881838E-18
1.42775594730601E-14
2.97449155688753E-16
5.94898311377506E-16
9.51837298204009E-15
2.50972725112385E-16
1.45238845551149E-19
1.45238845551149E-19
5.57717166916412E-17
3.71811444610941E-17
1.78469493413252E-15
4.56881903137925E-13
8.03112720359633E-15
5.07646559042138E-14
6.88539712242484E-19
3.96598874251671E-16
2.92404418008272E-11
1.18979662275501E-15
8.92347467066259E-16
8.92347467066259E-16
1.98299437125835E-16
7.43622889221882E-17
1.76266166334076E-16
1.64477485129653E-11
9.51837298204009E-15
6.34558198802673E-15
6.34558198802673E-15
1.14220475784481E-13
2.14163392095902E-14
4.56881903137925E-13
4.75918649102005E-15
3.46944695195361E-12
2.14163392095902E-14
2.64399249501114E-16
1.76266166334076E-16
6.09175870850566E-13
1.5419764230905E-12
1.71330713676722E-13
9.74681393360906E-12
1.08297932595656E-12
3.96598874251671E-16
5.13992141030165E-13
2.31296463463574E-12
7.40148683083438E-11
4.93432455388958E-11
2.05596856412066E-12
4.87340696680453E-12
1.16961767203309E-10
3.38431039361426E-14
9.86864910777917E-11
9.86864910777917E-11
1.52293967712642E-13
1.37064570941377E-12
4.56881903137925E-13
4.28326784191804E-14
1.78469493413252E-15
4.75918649102005E-15
1.71330713676722E-13
9.13763806275849E-13
9.13763806275849E-13
1.94936278672181E-11
1.37064570941377E-12
1.8275276125517E-12
5.71102378922406E-14
4.4066541583519E-17
8.92347467066259E-16
1.2335811384724E-11
1.02798428206033E-12
5.13992141030165E-13
9.86864910777917E-11
9.86864910777917E-11
2.77555756156289E-11
6.42490176287706E-14
7.93197748503341E-16
1.48724577844376E-16
2.37959324551002E-15
4.4066541583519E-17
2.64399249501114E-16
8.92347467066259E-16
5.87553887780253E-17
3.67221179862658E-18
1.42775594730601E-14
1.90367459640802E-14
2.64399249501114E-16
4.01556360179816E-15
3.48573229322757E-18
3.48573229322757E-18
9.91497185629177E-17
4.41469193271698E-147
9.53573457466867E-105
7.74759032163893E-73
9.21043913862249E-60
4.17690025494927E-52
5.94048036259452E-50
4.43955209678099E-45
3.32590862156652E-42
5.70930053598378E-47
7.21768364055234E-47
2.55718200774585E-40
2.94587367292322E-37
1.29311327206506E-39
4.1896870014908E-36
6.03314928214675E-34
3.77071830134172E-35
9.77370183707774E-32
6.33335879042638E-29
1.0555597984044E-29
1.2607538676315E-22
8.96536083649067E-22
3.07454075325469E-25
8.00661654493409E-28
3.42001374683024E-27
2.1617864671322E-26
2.76708667792922E-24
1.74286614661379E-18
4.5387139234734E-21
6.45505980227328E-20
6.0516185646312E-21
7.26194227755745E-20
5.73783093535403E-20
1.681005156842E-22
1.45238845551149E-19
4.84129485170496E-20
3.30499061876392E-17
1.39429291729103E-17
5.35408480239755E-15
7.93197748503341E-16
1.07081696047951E-14
2.11519399600891E-15
6.09175870850566E-13
