4.41469193271698E-147
2.97991705458396E-105
4.13204817154076E-75
3.45391467698343E-59
2.03950207761195E-53
4.22911150813614E-48
8.56395080397568E-47
5.19673222119769E-44
7.01558849861687E-43
1.0474217503727E-37
2.01104976071559E-34
1.06051452225236E-36
1.35745858848302E-34
2.54523485340566E-35
3.77071830134172E-35
1.56379229393244E-30
4.69137688179732E-30
1.44795582771522E-32
1.07255987238165E-33
2.37500954640989E-29
1.31328527878281E-24
2.63889949601099E-30
6.48535940139661E-26
6.91771669482305E-25
9.45565400723626E-23
4.15063001689383E-24
3.50209407675417E-24
2.521507735263E-22
5.60335052280667E-23
9.33891753801112E-24
8.30126003378766E-24
1.32820160540603E-22
3.18768385297446E-21
1.05062822302625E-23
2.1012564460525E-23
2.75415884896993E-18
1.39429291729103E-17
4.08023533180731E-19
4.08023533180731E-19
6.97146458645515E-18
4.84129485170496E-20
7.43622889221882E-17
4.84129485170496E-20
4.75918649102005E-15
3.96598874251671E-16
9.91497185629177E-17
4.1312382734549E-18
5.84808836016543E-11
3.80734919281604E-14
6.09175870850566E-13
1.52293967712642E-13
1.5419764230905E-12
9.86864910777917E-11
7.40148683083438E-11
7.70988211545248E-13
1.8275276125517E-12
9.13763806275849E-13
8.22387425648264E-13
4.93432455388958E-11
1.37064570941377E-12
1.48029736616688E-10
2.368475785867E-09
2.368475785867E-09
5.55111512312578E-11
4.75918649102005E-15
1.01529311808428E-13
1.3537241574457E-13
6.85322854706887E-13
8.77213254024815E-11
3.17279099401336E-15
4.11193712824132E-12
4.23038799201782E-15
1.52293967712642E-13
3.42661427353443E-13
2.92404418008272E-11
2.43670348340226E-12
2.19303313506204E-11
7.70988211545248E-13
5.84808836016543E-11
1.75442650804963E-10
1.75442650804963E-10
9.13763806275849E-13
1.5419764230905E-12
1.64477485129653E-11
1.07081696047951E-14
1.85905722305471E-17
2.37959324551002E-15
1.42775594730601E-14
2.14163392095902E-14
4.56881903137925E-13
1.02798428206033E-12
1.4035412064397E-09
1.16961767203309E-10
5.07646559042138E-14
4.38606627012408E-11
7.61469838563208E-14
2.43670348340226E-12
2.43670348340226E-12
1.01529311808428E-13
1.71330713676722E-13
1.07081696047951E-14
2.74129141882755E-12
1.16961767203309E-10
8.56653568383608E-14
1.90367459640802E-14
7.52068976358723E-15
3.21245088143853E-14
3.96598874251671E-16
3.96598874251671E-16
9.41147719171445E-17
1.26911639760535E-14
6.60998123752784E-17
1.60622544071927E-14
1.2335811384724E-11
3.6550552251034E-12
4.21062361931911E-09
1.61687946981854E-06
7.89491928622334E-10
9.86864910777917E-11
9.86864910777917E-11
1.41012933067261E-15
4.08023533180731E-19
4.95748592814588E-17
1.90367459640802E-14
1.11543433383282E-16
2.67704240119878E-15
2.03058623616855E-13
5.71102378922406E-14
5.13992141030165E-13
3.71811444610941E-17
5.94898311377506E-16
2.37959324551002E-15
1.98299437125835E-16
2.14163392095902E-14
6.60998123752784E-17
6.85322854706887E-13
6.85322854706887E-13
1.26911639760535E-14
3.34252878381655E-15
8.46077598403564E-15
2.74129141882755E-12
2.11519399600891E-15
3.04587935425283E-13
4.56881903137925E-13
4.56881903137925E-13
2.28440951568962E-13
1.8275276125517E-12
3.17279099401336E-15
3.96598874251671E-16
1.17510777556051E-16
1.17510777556051E-16
4.23038799201782E-15
1.08297932595656E-12
1.00389090044954E-15
1.5419764230905E-12
3.15796771448933E-09
3.70074341541719E-11
7.40148683083438E-11
4.56881903137925E-13
3.17279099401336E-15
1.09651656753102E-11
1.02798428206033E-12
8.36575750374618E-17
2.75415884896993E-18
9.29528611527353E-18
3.38431039361426E-14
8.81330831670379E-17
3.04587935425283E-13
3.04587935425283E-13
5.28798499002227E-16
1.68424944772764E-08
1.48029736616688E-10
3.15796771448933E-09
5.41489662978281E-13
3.24893797786969E-12
2.75415884896993E-18
3.96598874251671E-16
3.17279099401336E-15
5.26327952414889E-10
7.31011045020679E-12
6.60998123752784E-17
6.60998123752784E-17
2.14163392095902E-14
4.28326784191804E-14
2.19303313506204E-11
1.14220475784481E-13
8.36575750374618E-17
4.28326784191804E-14
2.19303313506204E-11
3.28954970259306E-11
7.05064665336303E-16
1.07081696047951E-14
3.96598874251671E-16
2.67704240119878E-15
2.67704240119878E-15
8.56653568383608E-14
4.46173733533129E-16
3.6550552251034E-12
6.69260600299694E-16
5.28798499002227E-16
2.37959324551002E-15
8.56653568383608E-14
3.56938986826504E-15
2.85551189461203E-14
4.75918649102005E-15
4.75918649102005E-15
2.46716227694479E-11
1.37064570941377E-12
8.46077598403564E-15
4.28326784191804E-14
3.42661427353443E-13
4.23038799201782E-15
3.04587935425283E-13
6.09175870850566E-13
1.75442650804963E-10
5.35408480239755E-15
7.13877973653007E-15
7.89491928622334E-10
7.89491928622334E-10
4.44089209850063E-10
1.90367459640802E-14
7.61469838563208E-14
2.53823279521069E-14
3.50885301609926E-10
4.56881903137925E-13
5.35408480239755E-15
2.19303313506204E-11
8.77213254024815E-11
2.05596856412066E-12
2.05596856412066E-12
1.27507354118978E-20
1.65249530938196E-17
4.64764305763677E-18
4.01556360179816E-15
4.11193712824132E-12
5.07646559042138E-14
1.26911639760535E-14
4.4066541583519E-17
1.17510777556051E-16
1.05759699800445E-15
7.13877973653007E-15
3.96598874251671E-16
6.85322854706887E-13
6.76862078722851E-14
1.78469493413252E-15
7.13877973653007E-15
6.2379609175098E-10
6.2379609175098E-10
1.87138827525294E-09
4.06117247233711E-13
