4.41469193271698E-147
2.36501353538409E-105
3.87921345141376E-94
6.48663080716351E-82
6.05280493878042E-72
2.03327760401092E-67
1.87386863985646E-64
3.53680862923104E-56
3.34152020395942E-51
2.49443146617489E-42
5.1143640154917E-40
1.80994478464403E-33
1.80994478464403E-33
2.89591165543044E-32
5.2126409797748E-31
1.35111654195763E-27
2.39076288973085E-21
6.64100802703013E-23
6.37536770594892E-21
2.521507735263E-22
4.78152577946169E-21
4.59026474828322E-19
9.91497185629177E-17
2.97449155688753E-16
1.83610589931329E-18
1.07081696047951E-14
4.64764305763677E-18
6.45505980227328E-20
2.85551189461203E-14
2.89120579329468E-13
4.21062361931911E-09
1.75442650804963E-10
2.19303313506204E-11
9.29528611527353E-18
7.13877973653007E-15
4.93432455388958E-11
8.22387425648264E-12
7.89491928622334E-10
3.04587935425283E-13
6.85322854706887E-13
7.31011045020679E-12
5.84808836016543E-11
4.11193712824132E-12
2.14163392095902E-14
3.80734919281604E-14
2.35021555112101E-17
3.04587935425283E-13
1.18979662275501E-15
9.29528611527353E-18
2.00778180089908E-15
1.32199624750557E-16
1.42775594730601E-14
2.92404418008272E-11
6.34558198802673E-15
7.61469838563208E-14
2.19303313506204E-11
2.85551189461203E-14
1.01529311808428E-13
1.14220475784481E-13
4.64764305763677E-18
2.85551189461203E-14
7.70988211545248E-13
5.71102378922406E-14
1.37064570941377E-12
3.94745964311167E-10
3.04587935425283E-13
2.05596856412066E-12
7.31011045020679E-12
1.28498035257541E-13
2.37959324551002E-15
1.01529311808428E-13
7.13877973653007E-15
3.42661427353443E-13
1.01529311808428E-13
1.76266166334076E-17
2.05596856412066E-12
1.02798428206033E-12
1.60622544071927E-14
2.74129141882755E-12
4.46173733533129E-16
8.36575750374618E-17
1.26911639760535E-14
1.05759699800445E-15
1.98299437125835E-16
4.56881903137925E-13
7.13877973653007E-15
1.2335811384724E-11
5.07646559042138E-14
2.56996070515083E-13
6.60998123752784E-17
3.85494105772624E-13
2.17858268326723E-19
7.93197748503341E-16
3.24893797786969E-12
3.28954970259306E-11
4.38606627012408E-11
3.17279099401336E-15
1.37064570941377E-12
4.06117247233711E-14
1.64477485129653E-11
3.17279099401336E-15
4.8186763221578E-14
1.02798428206033E-12
5.13992141030165E-13
1.18979662275501E-15
2.74129141882755E-12
1.31581988103722E-10
4.56881903137925E-13
1.46202209004136E-11
6.57909940518611E-11
5.26327952414889E-10
1.8275276125517E-12
9.51837298204009E-15
1.02798428206033E-12
9.51837298204009E-15
1.29957519114787E-11
2.43670348340226E-12
5.35408480239755E-15
4.11193712824132E-12
1.42775594730601E-14
8.56653568383608E-14
1.60622544071927E-14
4.56881903137925E-13
3.17279099401336E-15
3.56938986826504E-15
5.35408480239755E-15
1.60622544071927E-14
1.02798428206033E-12
1.48724577844376E-16
9.91497185629177E-17
1.71330713676722E-13
3.42661427353443E-13
5.84808836016543E-11
