3.2901763916015625e-05
4.100799560546875e-05
5.1021575927734375e-05
6.103515625e-05
7.796287536621094e-05
0.00019288063049316406
0.00010085105895996094
0.00012803077697753906
0.0001289844512939453
0.00014495849609375
0.0001690387725830078
0.0001780986785888672
0.0003368854522705078
0.00024580955505371094
0.0003731250762939453
0.00040602684020996094
0.00026702880859375
0.000331878662109375
0.0009062290191650391
0.0003349781036376953
0.0003380775451660156
0.0003540515899658203
0.00037288665771484375
0.0006871223449707031
0.0004773139953613281
0.00044798851013183594
0.0004458427429199219
0.0006389617919921875
0.0009510517120361328
0.0005860328674316406
0.0005519390106201172
0.0009257793426513672
0.0006678104400634766
0.0006139278411865234
0.0006520748138427734
0.0009927749633789062
0.0006940364837646484
0.000701904296875
0.0008819103240966797
0.0010480880737304688
0.0007319450378417969
0.0012161731719970703
0.0008451938629150391
0.0007548332214355469
0.0007922649383544922
0.0007870197296142578
0.000885009765625
0.0009829998016357422
0.0009119510650634766
0.0008893013000488281
0.0009510517120361328
0.00092315673828125
0.0009710788726806641
0.0009930133819580078
0.0012412071228027344
0.0010590553283691406
0.0013630390167236328
0.0010461807250976562
0.0011241436004638672
0.0011048316955566406
0.0011599063873291016
0.0011467933654785156
0.0011489391326904297
0.0013051033020019531
0.0011959075927734375
0.0011949539184570312
0.0012619495391845703
0.0012290477752685547
0.0012416839599609375
0.001249074935913086
0.0013189315795898438
0.0012936592102050781
0.0013270378112792969
0.0013780593872070312
0.001394033432006836
0.0015249252319335938
0.0013768672943115234
0.0014231204986572266
0.001402139663696289
0.0014719963073730469
0.0016210079193115234
0.0015261173248291016
0.0014750957489013672
0.0015239715576171875
0.001547098159790039
0.0016331672668457031
0.0016961097717285156
0.0015587806701660156
0.0016698837280273438
0.0018587112426757812
0.0018486976623535156
0.0023097991943359375
0.0019137859344482422
0.0018641948699951172
0.0020890235900878906
0.002010822296142578
0.0018718242645263672
0.0017881393432617188
0.001911163330078125
0.0019481182098388672
0.0018529891967773438
0.0018763542175292969
0.0018930435180664062
0.0019016265869140625
0.001895904541015625
0.0019750595092773438
0.0019750595092773438
0.0020248889923095703
0.002010822296142578
0.002068042755126953
0.002171039581298828
0.002048969268798828
0.0020439624786376953
0.0021200180053710938
0.0021049976348876953
0.002173900604248047
0.0021600723266601562
0.002434968948364258
0.0026650428771972656
0.0022351741790771484
0.0022897720336914062
0.002232074737548828
0.0022780895233154297
0.0023260116577148438
0.0024399757385253906
0.00290679931640625
0.0027959346771240234
0.002955198287963867
0.0024869441986083984
0.004168987274169922
0.004168987274169922
0.003840923309326172
0.0045146942138671875
0.002952098846435547
0.002855062484741211
0.0034859180450439453
0.003957986831665039
0.002988100051879883
0.004831075668334961
0.0030400753021240234