0
0.38461538461538464
0
0.16
0
0
0
0.07692307692307693
0.16279069767441862
0
0
0.06
0.06
0.0784313725490196
0
0
0
0
0
0.01694915254237288
0.04918032786885246
0.04918032786885246
0.09375
0.12121212121212122
0.13432835820895522
0
0
0
0.014285714285714285
0.014285714285714285
0.0547945205479452
0.08
0.08
0
0
0
0.012658227848101266
0.037037037037037035
0.04878048780487805
0.07142857142857142
0.07142857142857142
0.08235294117647059
0.08235294117647059
0.10344827586206896
0.10344827586206896
0.13333333333333333
0.13333333333333333
0
0
0
0
0.010638297872340425
0.010638297872340425
0.041237113402061855
0.041237113402061855
0.07
0.07
0
0
0
0
0.009708737864077669
0.019230769230769232
0.03773584905660377
0.03773584905660377
0
0
0
0
0
0.00909090909090909
0.026785714285714284
0
0
0
0
0
0.008771929824561403
0.02586206896551724
0.02586206896551724
0.02586206896551724
0.02586206896551724
0.03418803418803419
0.03418803418803419
0.05042016806722689
0
0
0
0
0
0.008264462809917356
0
0
0
0
0.008064516129032258
0.008064516129032258
0.008064516129032258
0.008064516129032258
0.016
0.016
0
0
0
0
0
0.0078125
0.0078125
0.0078125
0.015503875968992248
0.015503875968992248
0.015503875968992248
0.015503875968992248
0.030534351145038167
0.030534351145038167
0.030534351145038167
0
0
0
0
0
0.007518796992481203
0.007518796992481203
0.007518796992481203
0.014925373134328358
0.014925373134328358
0.014925373134328358
0.014925373134328358
0
0
0
0
0
0.0072992700729927005
0.0072992700729927005
0.0072992700729927005
0
0
0
0