150 225 275 225 325 375 475 
225 275 325 275 400 450 575 
375 325 375 325 475 525 675 
344 375 425 375 550 600 775 
575 425 475 425 625 675 875 
675 475 525 475 700 750 975 
775 525 575 525 775 825 1075 
875 575 625 575 850 900 1175 
975 625 675 625 925 975 1275 
1075 675 725 675 1000 1050 1375 
1175 725 775 725 1075 1125 1475 
1275 775 825 775 1150 1200 1575 
1375 825 875 825 1225 1275 1675 
1475 875 925 875 1300 1350 1775 
1575 925 975 925 1375 1425 1875 
1475 875 925 875 1300 1350 1775 
1375 825 875 825 1225 1275 1675 
1275 775 825 775 1150 1200 1575 
1175 725 775 725 1075 1125 1475 
1075 675 725 675 1000 1050 1375 
975 625 675 625 925 975 1275 
875 575 625 575 850 900 1175 
775 525 575 525 775 825 1075 
675 475 525 475 700 750 975 
