175 150 200 150 250 300 400 
225 200 250 200 325 375 500 
400 250 300 250 400 450 600 
500 345 350 300 475 525 700 
500 350 400 350 550 600 800 
600 400 450 400 625 675 900 
678 450 500 450 700 750 1000 
800 500 550 500 775 825 1100 
900 550 600 550 850 900 1200 
1000 600 650 600 925 975 1300 
1100 650 700 650 1000 1050 1400 
1200 700 750 700 1075 1125 1500 
1300 750 800 750 1150 1200 1600 
1400 800 850 800 1225 1275 1700 
1500 850 900 850 1300 1350 1800 
1400 800 850 800 1225 1275 1700 
1300 750 800 750 1150 1200 1600 
1200 700 750 700 1075 1125 1500 
1100 650 700 650 1000 1050 1400 
1000 600 650 600 925 975 1300 
900 550 600 550 850 900 1200 
800 500 550 500 775 825 1100 
700 450 500 450 700 750 1000 
600 400 450 400 625 675 900 
