1.5020370483398438e-05
1.3113021850585938e-05
1.2874603271484375e-05
1.1920928955078125e-05
1.1920928955078125e-05
2.3603439331054688e-05
1.4781951904296875e-05
1.4066696166992188e-05
1.2874603271484375e-05
1.1920928955078125e-05
1.2159347534179688e-05
1.2874603271484375e-05
1.3828277587890625e-05
1.9311904907226562e-05
1.9311904907226562e-05
1.7881393432617188e-05
1.4066696166992188e-05
1.3113021850585938e-05
6.413459777832031e-05
1.7881393432617188e-05
1.4781951904296875e-05
1.3828277587890625e-05
1.2874603271484375e-05
1.5020370483398438e-05
0.00010013580322265625
1.5735626220703125e-05
1.4066696166992188e-05
1.3828277587890625e-05
4.1961669921875e-05
1.8835067749023438e-05
1.8835067749023438e-05
1.5735626220703125e-05
3.886222839355469e-05
1.6927719116210938e-05
1.4781951904296875e-05
1.5735626220703125e-05
2.2172927856445312e-05
1.7881393432617188e-05
1.6927719116210938e-05
5.2928924560546875e-05
1.6927719116210938e-05
1.3828277587890625e-05
2.6702880859375e-05
1.621246337890625e-05
1.4066696166992188e-05
1.4066696166992188e-05
1.3828277587890625e-05
1.71661376953125e-05
1.6927719116210938e-05
1.5735626220703125e-05
1.4066696166992188e-05
1.52587890625e-05
1.3828277587890625e-05
1.5020370483398438e-05
3.719329833984375e-05
1.71661376953125e-05
4.1961669921875e-05
1.7881393432617188e-05
1.5020370483398438e-05
1.6927719116210938e-05
1.5974044799804688e-05
1.5020370483398438e-05
1.5020370483398438e-05
1.7881393432617188e-05
1.5974044799804688e-05
1.5735626220703125e-05
1.5020370483398438e-05
1.6927719116210938e-05
1.6927719116210938e-05
1.5735626220703125e-05
1.5020370483398438e-05
1.52587890625e-05
1.621246337890625e-05
1.621246337890625e-05
1.5735626220703125e-05
1.5974044799804688e-05
1.7881393432617188e-05
1.5974044799804688e-05
1.621246337890625e-05
1.5020370483398438e-05
1.5974044799804688e-05
1.9073486328125e-05
1.5974044799804688e-05
1.621246337890625e-05
1.5020370483398438e-05
1.7881393432617188e-05
1.71661376953125e-05
1.811981201171875e-05
1.5974044799804688e-05
1.7881393432617188e-05
2.193450927734375e-05
2.193450927734375e-05
2.09808349609375e-05
2.002716064453125e-05
1.9073486328125e-05
4.482269287109375e-05
2.002716064453125e-05
2.7179718017578125e-05
1.6927719116210938e-05
3.409385681152344e-05
1.7881393432617188e-05
1.811981201171875e-05
1.6927719116210938e-05
1.7881393432617188e-05
1.6927719116210938e-05
1.5974044799804688e-05
2.002716064453125e-05
1.8358230590820312e-05
1.6927719116210938e-05
1.6927719116210938e-05
1.71661376953125e-05
1.7881393432617188e-05
1.6927719116210938e-05
1.71661376953125e-05
1.8835067749023438e-05
1.7881393432617188e-05
2.002716064453125e-05
1.9073486328125e-05
2.193450927734375e-05
2.002716064453125e-05
1.8835067749023438e-05
2.002716064453125e-05
1.811981201171875e-05
1.6927719116210938e-05
1.71661376953125e-05
2.09808349609375e-05
2.3126602172851562e-05
2.288818359375e-05
2.193450927734375e-05
2.09808349609375e-05
2.6702880859375e-05
2.4080276489257812e-05
2.288818359375e-05
2.6226043701171875e-05
2.5033950805664062e-05
3.361701965332031e-05
2.4080276489257812e-05
2.384185791015625e-05
3.600120544433594e-05
2.6226043701171875e-05